{"Q1": [3.688533040832031,0.07109019,1.52317],
"Q2": [3.7175128077972013,-4.12150653e-05,0.0752759173,1.52140],
"Q3": [1.5231747404538272, 1.5046686106251046, 1.4966845515179144, 1.4904477302230843, 1.4896106953961357], 
"Q4": [1.5248743859866747, 1.4977199259322138, 1.485663219031148, 1.476733744007583, 1.4809577271803667],
"Q5": 0.907,
"Q6": [0, 20095, 0,308,0.5],
"Q7": [88, 16332, 3763, 220,0.4507731134255145],
"Q8": [0.0, 0.0, 0.03, 0.022, 0.022851207478576992]
}